4300454091,13893,0,4
4300454141,27424,0,6
4300454191,39114,0,10
4300454241,43725,0,15
4300454291,43725,0,15
4300454341,43725,0,15
4300454391,43725,0,15
4300454441,43725,0,15
4300454491,43725,0,15
4300454541,43725,0,15
4300454591,43725,0,15
4300454641,43725,0,15
4300454691,43725,0,15
4300454741,43725,0,15
4300454791,43725,0,15
4300454841,43725,0,15
4300454891,43725,0,15
4300454941,43725,0,15
4300454991,43725,0,15
4300455041,43725,0,15
4300455091,43725,0,15
4300455141,43725,0,15
4300455191,43725,0,15
4300455241,51071,0,18
4300455291,62935,0,20
4300455341,71540,0,25
4300455391,71540,0,25
4300455441,71540,0,25
4300455491,71540,0,25
4300455541,71540,0,25
4300455591,71540,0,25
4300455641,71540,0,25
4300455691,71540,0,25
4300455741,71540,0,25
4300455791,71540,0,25
4300455841,71540,0,25
4300455891,71540,0,25
4300455941,71540,0,25
4300455991,71540,0,25
4300456041,71540,0,25
4300456091,71540,0,25
4300456141,71540,0,25
4300456191,71540,0,25
4300456241,71540,0,25
4300456291,71540,0,25
4300456341,75782,0,29
4300456391,86791,0,37
4300456441,90425,0,40
4300456491,90425,0,40
4300456541,90425,0,40
4300456591,90425,0,40
4300456641,90425,0,40
4300456691,90425,0,40
4300456741,90425,0,40
4300456791,90425,0,40
4300456841,90425,0,40
4300456891,90425,0,40
4300456941,90425,0,40
4300456991,90425,0,40
4300457041,90425,0,40
4300457091,90425,0,40
4300457141,90425,0,40
4300457191,90425,0,40
4300457241,90425,0,40
4300457291,90425,0,40
4300457341,90425,0,40
4300457391,90425,0,40
4300457441,98605,0,47
4300457491,103295,0,50
4300457541,103295,0,50
4300457591,103295,0,50
4300457641,103295,0,50
4300457691,103295,0,50
4300457741,103295,0,50
4300457791,103295,0,50
4300457841,103295,0,50
4300457891,103295,0,50
4300457941,103295,0,50
4300457991,103295,0,50
4300458041,103295,0,50
4300458091,103295,0,50
4300458141,103295,0,50
4300458191,103295,0,50
4300458241,103295,0,50
4300458291,103295,0,50
4300458341,103295,0,50
4300458391,103295,0,50
4300458441,103295,0,50
4300458491,109614,0,54
4300458541,111990,0,58
4300458591,111990,0,58
4300458641,111990,0,58
4300458691,111990,0,58
4300458741,111990,0,58
4300458791,111990,0,58
4300458841,111990,0,58
4300458891,111990,0,58
4300458941,111990,0,58
4300458991,111990,0,58
4300459041,111990,0,58
4300459091,111990,0,58
4300459141,111990,0,58
4300459191,111990,0,58
4300459241,111990,0,58
4300459291,111990,0,58
4300459341,111990,0,58
4300459391,111990,0,58
4300459441,111990,0,58
4300459491,112795,0,63
4300459541,116152,3,66
4300459591,117264,3,67
4300459656,117994,11,68
4300459706,117994,11,68
4300459756,117994,11,68
4300459806,117994,11,68
4300459856,117994,11,68
4300459906,117994,11,68
4300459956,117994,11,68
4300460006,117994,11,68
4300460056,117994,11,68
4300460106,117994,11,68
4300460156,117994,11,68
4300460206,117994,11,68
4300460256,117994,11,68
4300460306,117994,11,68
4300460356,117994,11,68
4300460406,117994,11,68
4300460456,117994,11,68
4300460506,118773,12,74
4300460556,118773,12,74
4300460606,120256,16,80
4300460656,122000,19,86
4300460706,122000,19,86
4300460756,122000,19,86
4300460806,122000,19,86
4300460856,122000,19,86
4300460906,122000,19,86
4300460956,122000,19,86
4300461006,122000,19,86
4300461056,122000,19,86
4300461106,122000,19,86
4300461156,122000,19,86
4300461206,122000,19,86
4300461256,122000,19,86
4300461306,122000,19,86
4300461356,122000,19,86
4300461406,122000,19,86
4300461456,122000,19,86
4300461506,122195,19,89
4300461556,122539,19,91
4300461606,122539,19,91
4300461656,124359,61,98
4300461706,124732,63,102
4300461756,124732,63,102
4300461806,124732,63,102
4300461856,124732,63,102
4300461906,124732,63,102
4300461956,124732,63,102
4300462006,124732,63,102
4300462056,124732,63,102
4300462106,124732,63,102
4300462156,124732,63,102
4300462206,124732,63,102
4300462256,124732,63,102
4300462306,124732,63,102
4300462356,124732,63,102
4300462406,124732,63,102
4300462456,124732,63,102
4300462506,124732,63,102
4300462614,125064,64,103
4300462664,125759,84,103
4300462714,126563,108,103
4300462764,126563,108,103
4300462814,126563,108,103
4300462864,126563,108,103
4300462914,126563,108,103
4300462964,126563,108,103
4300463014,126563,108,103
4300463064,126563,108,103
4300463114,126563,108,103
4300463164,126563,108,103
4300463214,126563,108,103
4300463264,126563,108,103
4300463314,126563,108,103
4300463364,126563,108,103
4300463414,126563,108,103
4300463464,126563,108,103
4300463514,126563,108,103
4300463564,126797,108,105
4300463614,126797,108,105
4300463664,127060,108,106
4300463718,127852,116,110
4300463768,127852,116,110
4300463818,127852,116,110
4300463868,127852,116,110
4300463918,127852,116,110
4300463968,127852,116,110
4300464018,127852,116,110
4300464068,127852,116,110
4300464118,127852,116,110
4300464168,127852,116,110
4300464218,127852,116,110
4300464268,127852,116,110
4300464318,127852,116,110
4300464368,127852,116,110
4300464418,127852,116,110
4300464468,127852,116,110
4300464518,127852,116,110
4300464568,128022,116,111
4300464618,128022,116,111
4300464668,128211,116,112
4300464718,128785,122,118
4300464768,128785,122,118
4300464818,128785,122,118
4300464868,128785,122,118
4300464918,128785,122,118
4300464968,128785,122,118
4300465018,128785,122,118
4300465068,128785,122,118
4300465118,128785,122,118
4300465168,128785,122,118
4300465218,128785,122,118
4300465268,128785,122,118
4300465318,128785,122,118
4300465368,128785,122,118
4300465418,128785,122,118
4300465468,128785,122,118
4300465518,128785,122,118
4300465568,128889,122,119
4300465618,128889,122,119
4300465668,129010,123,121
4300465718,129359,127,127
4300465768,129359,127,127
4300465818,129359,127,127
4300465868,129359,127,127
4300465918,129359,127,127
4300465968,129359,127,127
4300466018,129359,127,127
4300466068,129359,127,127
4300466118,129359,127,127
4300466168,129359,127,127
4300466218,129359,127,127
4300466268,129359,127,127
4300466318,129359,127,127
4300466368,129359,127,127
4300466418,129359,127,127
4300466468,129359,127,127
4300466518,129359,127,127
4300466568,129425,127,128
4300466618,129425,127,128
4300466668,129499,128,130
4300466718,129725,128,136
4300466768,129725,128,136
4300466818,129725,128,136
4300466868,129725,128,136
4300466918,129725,128,136
4300466968,129725,128,136
4300467018,129725,128,136
4300467068,129725,128,136
4300467118,129725,128,136
4300467168,129725,128,136
4300467218,129725,128,136
4300467268,129725,128,136
4300467318,129725,128,136
4300467368,129725,128,136
4300467418,129725,128,136
4300467468,129725,128,136
4300467518,129725,128,136
4300467568,129779,128,137
4300467618,129779,128,137
4300467668,129811,128,139
4300467718,129909,134,141
4300467768,130023,150,144
4300467818,130023,150,144
4300467868,130023,150,144
4300467918,130023,150,144
4300467968,130023,150,144
4300468018,130023,150,144
4300468068,130023,150,144
4300468118,130023,150,144
4300468168,130023,150,144
4300468218,130023,150,144
4300468268,130023,150,144
4300468318,130023,150,144
4300468368,130023,150,144
4300468418,130023,150,144
4300468468,130023,150,144
4300468518,130023,150,144
4300468568,130064,150,146
4300468618,130064,150,146
4300468668,130064,150,146
4300468718,130153,157,148
4300468771,130244,161,151
4300468821,130244,161,151
4300468871,130244,161,151
4300468921,130244,161,151
4300468971,130244,161,151
4300469021,130244,161,151
4300469071,130244,161,151
4300469121,130244,161,151
4300469171,130244,161,151
4300469221,130244,161,151
4300469271,130244,161,151
4300469321,130244,161,151
4300469371,130244,161,151
4300469421,130244,161,151
4300469471,130244,161,151
4300469521,130244,161,151
4300469571,130272,161,152
4300469621,130272,161,152
4300469671,130272,161,152
4300469721,130338,165,154
4300469771,130400,172,158
4300469821,130400,172,158
4300469871,130400,172,158
4300469921,130400,172,158
4300469971,130400,172,158
4300470021,130400,172,158
4300470071,130400,172,158
4300470121,130400,172,158
4300470171,130400,172,158
4300470221,130400,172,158
4300470271,130400,172,158
4300470321,130400,172,158
4300470371,130400,172,158
4300470421,130400,172,158
4300470471,130400,172,158
4300470521,130400,172,158
4300470571,130420,172,160
4300470621,130420,172,160
4300470671,130420,172,160
4300470721,130468,174,161
4300470772,130512,176,163
4300470822,130512,176,163
4300470872,130512,176,163
4300470922,130512,176,163
4300470972,130512,176,163
4300471022,130512,176,163
4300471072,130512,176,163
4300471122,130512,176,163
4300471172,130512,176,163
4300471222,130512,176,163
4300471272,130512,176,163
4300471322,130512,176,163
4300471372,130512,176,163
4300471422,130512,176,163
4300471472,130512,176,163
4300471522,130512,176,163
4300471572,130525,176,164
4300471622,130525,176,164
4300471672,130525,176,164
4300471722,130558,176,167
4300471772,130586,179,169
4300471822,130586,179,169
4300471872,130586,179,169
4300471922,130586,179,169
4300471972,130586,179,169
4300472022,130586,179,169
4300472072,130586,179,169
4300472122,130586,179,169
4300472172,130586,179,169
4300472222,130586,179,169
4300472272,130586,179,169
4300472322,130586,179,169
4300472372,130586,179,169
4300472422,130586,179,169
4300472472,130586,179,169
4300472522,130586,179,169
4300472572,130592,179,171
4300472622,130592,179,171
4300472672,130592,179,171
4300472722,130611,182,171
4300472772,130629,184,173
4300472822,130629,184,173
4300472872,130629,184,173
4300472922,130629,184,173
4300472972,130629,184,173
4300473022,130629,184,173
4300473072,130629,184,173
4300473122,130629,184,173
4300473172,130629,184,173
4300473222,130629,184,173
4300473272,130629,184,173
4300473322,130629,184,173
4300473372,130629,184,173
4300473422,130629,184,173
4300473472,130629,184,173
4300473522,130629,184,173
4300473572,130631,184,173
4300473622,130631,184,173
4300473672,130631,184,173
4300473722,130635,186,175
4300473772,130641,187,178
4300473822,130641,187,178
4300473872,130641,187,178
4300473922,130641,187,178
4300473972,130641,187,178
4300474022,130641,187,178
4300474072,130641,187,178
4300474122,130641,187,178
4300474172,130641,187,178
4300474222,130641,187,178
4300474272,130641,187,178
4300474322,130641,187,178
4300474372,130641,187,178
4300474422,130641,187,178
4300474472,130641,187,178
4300474522,130641,187,178
4300474572,130641,187,178
4300474622,130642,187,178
4300474672,104658,185,138
4300474722,104658,185,138
4300474772,78513,147,106
4300474822,52384,104,74
read 414 profiled data
